$ 1 0.000005 0.04924642876754098 18 5 50 5e-11
R 32 32 32 0 0 0 40 3.3 0 0 0.5
s -48 80 0 80 0 0 false
r 32 32 32 80 0 1000
w 32 80 64 80 0
w 32 80 32 96 0
g 32 128 32 160 0 0
g 32 336 32 368 0 0
w 32 272 32 304 0
w 32 272 64 272 0
r 32 224 32 272 0 1000
s -48 272 0 272 0 0 false
R 32 224 32 192 0 0 40 3.3 0 0 0.5
152 208 176 320 176 0 2 0 3.3
w 112 80 160 80 0
w 160 80 160 144 0
w 160 144 160 160 0
w 160 160 208 160 0
w 208 192 160 192 0
w 160 192 160 272 0
w 160 272 112 272 0
c 32 128 32 96 0 1.0000000000000001e-7 0 0.001
c 32 336 32 304 0 1.0000000000000001e-7 0 0.001
w -48 80 -48 112 0
g -48 112 -48 144 0 0
w 32 80 0 80 0
w 64 80 112 80 0
g -48 320 -48 368 0 0
w -48 320 -48 272 0
w 64 272 112 272 0
w 32 272 0 272 0
w 368 176 368 128 0
r 368 128 368 64 0 1000
R 368 64 368 16 0 0 40 3.3 0 0 0.5
w 368 176 448 176 2
w 320 176 368 176 0
c 368 176 368 224 0 1e-7 0 0.001
g 368 224 368 240 0 0
